                   0          0          0          0          0          0          0          0          0          0          0 
         0  0.0221499  0.0442998  0.0668021  0.0907142   0.118293   0.154059   0.207612   0.301903        0.5          1 
         0  0.0442998  0.0882472   0.132195   0.177762   0.228399   0.290332   0.374486        0.5   0.698097          1 
         0  0.0668021   0.132195   0.195967    0.25974   0.327208   0.404385   0.499999   0.625513   0.792388          1 
         0  0.0907142   0.177762    0.25974   0.338024   0.416307   0.499999   0.595614   0.709667    0.84594          1 
         0   0.118293   0.228399   0.327208   0.416307   0.499999   0.583691   0.672791     0.7716   0.881706          1 
         0   0.154059   0.290332   0.404385   0.499999   0.583691   0.661975   0.740259   0.822237   0.909285          1 
         0   0.207612   0.374486   0.499999   0.595614   0.672791   0.740259   0.804032   0.867805   0.933197          1 
         0   0.301903        0.5   0.625513   0.709667     0.7716   0.822237   0.867805   0.911752     0.9557          1 
         0        0.5   0.698097   0.792388    0.84594   0.881706   0.909285   0.933197     0.9557    0.97785          1 
         1          1          1          1          1          1          1          1          1          1          1 
