                   0          0          0          0          0          0          0          0          0          0          0 
         0  0.0221495  0.0442992  0.0668013  0.0907133   0.118292   0.154058   0.207611   0.301902        0.5          1 
         0  0.0442992   0.088246   0.132193    0.17776   0.228397    0.29033   0.374484   0.499999   0.698096          1 
         0  0.0668013   0.132193   0.195965   0.259738   0.327205   0.404382   0.499998   0.625512   0.792387          1 
         0  0.0907133    0.17776   0.259738   0.338021   0.416305   0.499997   0.595612   0.709666   0.845939          1 
         0   0.118292   0.228397   0.327205   0.416305   0.499996   0.583688   0.672789   0.771599   0.881706          1 
         0   0.154058    0.29033   0.404382   0.499997   0.583688   0.661972   0.740257   0.822236   0.909285          1 
         0   0.207611   0.374484   0.499998   0.595612   0.672789   0.740257    0.80403   0.867803   0.933197          1 
         0   0.301902   0.499999   0.625512   0.709666   0.771599   0.822236   0.867803   0.911751   0.955699          1 
         0        0.5   0.698096   0.792387   0.845939   0.881706   0.909285   0.933197   0.955699    0.97785          1 
         1          1          1          1          1          1          1          1          1          1          1 
